"flag" "cohens.d" "r2"
"1" 1 6.39390278720577 0.976356511057555
"2" -1 1.18395240136329 0.586075978688904
"3" 1 3.74398475076619 0.934032639831683
"4" 1 8.54555617072214 0.986624609442928
"5" 1 8.6906143487331 0.987061661128415
"6" 1 8.15832618305933 0.985343817629959
"7" -1 1.23510102945361 0.606436090225564
"8" 1 7.60269737719747 0.983160689982592
"9" 1 10.6716368894891 0.991381849404867
"10" 1 2.46798944250142 0.860188683754556
"11" 1 7.5833539626606 0.983076129628889
"12" -1 0.796072694345775 0.39029337244966
"13" 1 8.74048955071034 0.987207014395322
"14" 1 6.15469847463982 0.974530691532908
"15" 1 9.2890546316909 0.988656745032123
"16" 1 2.68339642166271 0.879129975450517
"17" 1 8.19477274099049 0.985472005787963
"18" 1 9.70756653017892 0.989603772240302
"19" 1 6.26983253146458 0.975434730807507
"20" -1 1.40824574003918 0.667020506634499
"21" -1 1.0304281461633 0.517492637778713
"22" 1 2.41461390100573 0.854846377937464
"23" -1 0.500330430232235 0.201825667804781
"24" 1 7.12167582487498 0.980854125153191
"25" 1 7.88823528673507 0.984338975674142
"26" -1 1.47023673165575 0.685873447865283
"27" 1 6.70211511182677 0.978435294117647
"28" 1 9.656430188091 0.98949453250652
"29" 1 0.436842333999231 0.161607536090042
"30" 1 9.08166386181198 0.988138970790909
"31" 1 2.92568068292372 0.896330817333674
"32" 1 8.52026580726672 0.986546158191411
"33" -1 0.296086177219836 0.0813488975356679
"34" 1 4.49953468650238 0.953380639196487
"35" 1 3.49285580320388 0.924943375815557
"36" 1 6.65705656965925 0.978148783559344
"37" 1 6.58598668015808 0.977685223071143
"38" 1 3.22011141898266 0.912845342467448
"39" 1 3.14679714190201 0.90911037442945
"40" 1 0.266989062256123 0.0671669560903002
"41" 1 2.57633065193824 0.870206143016017
"42" 1 2.74444877366645 0.883830074173972
"43" 1 4.98354409339004 0.961666109715739
"44" 1 4.08594555132646 0.944020201283547
"45" 1 5.91976734617123 0.972525677374319
