"flag" "cohens.d" "r2"
"1" 1 6.77572244239674 0.978891444604546
"2" 1 8.59128928491005 0.986764750396852
"3" 1 6.45167441595797 0.976768254271261
"4" 1 9.24540237263615 0.988550606871218
"5" 1 10.3058745481569 0.990765015845168
"6" 1 8.88286215070415 0.987608773687349
"7" 1 5.97876404192593 0.973050679032792
"8" 1 4.62874481111736 0.955833696251778
"9" 1 12.8172455091595 0.994009866745722
"10" 1 4.17087467757285 0.94615525566957
"11" 1 8.73846094849689 0.987201150044924
"12" 1 0.413962911640018 0.147555031446541
"13" 1 7.64528301914389 0.98334464788121
"14" 1 6.04676947900453 0.973637554977632
"15" 1 10.6444057745497 0.991338080565723
"16" 1 3.75126241478421 0.934271544863123
"17" 1 9.46225500172259 0.989063706306738
"18" 1 8.1350411938833 0.985261034937878
"19" 1 6.9676252961561 0.98001526198818
"20" 1 1.39612008491853 0.663168070708466
"21" -1 0.296402167487488 0.0815084649039376
"22" 1 3.47940436763181 0.924405868804913
"23" 1 0.533879457684366 0.223546021995442
"24" 1 9.41443270893899 0.988953548842082
"25" 1 8.95282017086064 0.98779931560253
"26" 1 3.36686655351926 0.919680607187113
"27" 1 2.65460045780569 0.876818231195394
"28" 1 12.1638408809988 0.993353430812021
"29" 1 4.87037050419632 0.959936073915601
"30" 1 9.02679957489091 0.987996087534291
"31" 1 5.98666608495288 0.973119864009484
"32" 1 9.89723959208804 0.989994476905084
"33" 1 1.98905580991309 0.799852133786924
"34" 1 6.05453870918147 0.973703390541379
"35" 1 4.20608936077132 0.947005510820493
"36" 1 6.59152793872275 0.977721890260075
"37" 1 6.3510455353045 0.97604400897994
"38" 1 4.85841834041678 0.95974665401228
"39" 1 2.13957398877266 0.822191149886033
"40" 1 0.424444742742829 0.153957035833559
"41" 1 2.30910140915006 0.843402730670087
"42" 1 2.27357170120893 0.839262967922221
"43" 1 4.41675606910633 0.951701978784741
"44" 1 6.01583094825494 0.973372940052544
"45" 1 4.64246047012972 0.956082836001801
