"flag" "cohens.d" "r2"
"1" 1 6.17441237950838 0.974688960712304
"2" -1 0.710594089306039 0.337767818292577
"3" 1 4.33637274528792 0.949985168799175
"4" 1 8.64069152758682 0.986913685191913
"5" 1 8.65605952837973 0.986959505514031
"6" 1 8.3973513763319 0.986154913123546
"7" 0 0.035856720507606 0.00129700690713739
"8" 1 7.48794852172228 0.982649651637598
"9" 1 10.5503702971368 0.991184352296377
"10" 1 1.47246555166357 0.686525815726966
"11" 1 7.5538163628837 0.982945778047047
"12" 1 0.216010944925608 0.0450106067034366
"13" 1 8.81529533431517 0.987420493681283
"14" 1 6.16328872115519 0.974599837019523
"15" 1 9.36804228754199 0.988845097609222
"16" 1 1.83467362430613 0.772728697489012
"17" 1 8.01869899643316 0.984836773285362
"18" 1 9.82942437521976 0.989857345464233
"19" 1 6.02622812681451 0.973462305055668
"20" 1 0.345714614028175 0.10772112784859
"21" 1 0.54622360890069 0.231581372786806
"22" 1 1.61480536683804 0.724816266912669
"23" 1 0.930877009845043 0.466747680070703
"24" 1 7.22880111134149 0.981406902329478
"25" 1 8.05966372750209 0.984988213336579
"26" -1 1.42605882725976 0.672580478249621
"27" 1 6.9693727064672 0.980025082008841
"28" 1 9.52584597403292 0.989207661562019
"29" 1 0.973836229361914 0.489258171134778
"30" 1 9.14095989577546 0.988290557096586
"31" 1 3.50545855284784 0.925441924161468
"32" 1 8.44681722123276 0.986314383444956
"33" 1 0.979272620326878 0.492040652848703
"34" 1 4.43574972899752 0.952094940646644
"35" 1 2.79869853596498 0.887789623845634
"36" 1 6.57906701510508 0.977639308525374
"37" 1 6.39223989912552 0.976344499174845
"38" 1 3.92355706155246 0.939576301759731
"39" 1 2.47619154446544 0.860984822704689
"40" 1 0.801454592147551 0.393504790378473
"41" 1 1.71302652755022 0.7477359868008
"42" 1 2.99191201912164 0.900417817968684
"43" 1 3.22320297042218 0.912997913075039
"44" 1 4.66594582465777 0.956504643638095
"45" 1 5.94992458219428 0.972795921831678
